0 0.25272727272727274 0.3 0.24727272727272728 0.252 0.22 0.23 0.1890909090909091 0.232 0.1618181818181818 0.262 0.16545454545454547 0.308 0.19272727272727272 0.332 0.2290909090909091 0.33 0.25272727272727274 0.3
0 0.35569377999999996 0 0.3563636363636364 0.014 0.3690909090909091 0.034 0.38545454545454544 0.044 0.4072727272727273 0.046 0.4254545454545455 0.038 0.44727272727272727 0.006 0.4463241109090909 0 0.35569377999999996 0
0 0.7276190472727273 0 0.7272727272727273 0.004 0.7490909090909091 0.034 0.7872727272727272 0.038 0.8145454545454546 0.014 0.8162809909090909 0 0.7276190472727273 0
0 0.5854545454545454 0.444 0.6054545454545455 0.412 0.6018181818181818 0.378 0.5781818181818181 0.352 0.5381818181818182 0.354 0.5127272727272727 0.386 0.5109090909090909 0.406 0.52 0.434 0.5454545454545454 0.452 0.5854545454545454 0.444
0 0.6072727272727273 0.624 0.6163636363636363 0.596 0.6145454545454545 0.578 0.5909090909090909 0.546 0.5527272727272727 0.544 0.5290909090909091 0.564 0.52 0.602 0.5436363636363636 0.638 0.58 0.644 0.6072727272727273 0.624
0 0.4072727272727273 0.636 0.43636363636363634 0.604 0.43636363636363634 0.57 0.4290909090909091 0.554 0.4072727272727273 0.538 0.37636363636363634 0.538 0.3490909090909091 0.564 0.3472727272727273 0.604 0.3563636363636364 0.622 0.37454545454545457 0.636 0.4072727272727273 0.636
0 0.2672727272727273 0.596 0.26181818181818184 0.556 0.2309090909090909 0.534 0.19090909090909092 0.544 0.17272727272727273 0.576 0.1781818181818182 0.612 0.2109090909090909 0.638 0.24727272727272728 0.63 0.2672727272727273 0.596
0 0.42534759272727274 1 0.4309090909090909 0.992 0.4254545454545455 0.956 0.39454545454545453 0.932 0.36363636363636365 0.934 0.3381818181818182 0.962 0.33454545454545453 0.992 0.3372727272727273 1 0.42534759272727274 1
0 0.2509090909090909 1 0.2509090909090909 0.966 0.2290909090909091 0.938 0.1890909090909091 0.936 0.17454545454545456 0.944 0.16 0.968 0.15818181818181817 0.996 0.15963636363636363 1 0.2509090909090909 1
0 0.5909090909090909 0.836 0.6181818181818182 0.802 0.6145454545454545 0.762 0.5836363636363636 0.736 0.5472727272727272 0.742 0.5254545454545455 0.774 0.5236363636363637 0.792 0.5345454545454545 0.822 0.56 0.84 0.5909090909090909 0.836
1 0.7781818181818182 0.624 0.7909090909090909 0.604 0.7890909090909091 0.572 0.7672727272727272 0.548 0.7381818181818182 0.546 0.7109090909090909 0.568 0.7072727272727273 0.604 0.7236363636363636 0.63 0.7563636363636363 0.638 0.7781818181818182 0.624
1 0.9690909090909091 0.218 0.9727272727272728 0.188 0.9618181818181818 0.156 0.9145454545454546 0.154 0.8854545454545455 0.18 0.8872727272727273 0.222 0.9054545454545454 0.242 0.9436363636363636 0.244 0.9690909090909091 0.218
2 0 0.82525 0.0018181818181818182 0.828 0.038181818181818185 0.832 0.06909090909090909 0.814 0.07818181818181819 0.792 0.07818181818181819 0.772 0.07090909090909091 0.754 0.045454545454545456 0.736 0.03636363636363636 0.736 0.0036363636363636364 0.748 0 0.754 0 0.82525
2 0 0.21728571400000002 0.023636363636363636 0.234 0.045454545454545456 0.234 0.06 0.226 0.08 0.198 0.08181818181818182 0.184 0.07272727272727272 0.158 0.06363636363636363 0.142 0.04909090909090909 0.138 0.03727272727272727 0.138 0.02 0.14 0 0.152 0 0.21728571400000002