0 0.3418181818181818 0.224 0.35454545454545455 0.238 0.37272727272727274 0.246 0.39090909090909093 0.246 0.4090909090909091 0.236 0.42363636363636364 0.22 0.4290909090909091 0.204 0.42363636363636364 0.166 0.4072727272727273 0.148 0.38545454545454544 0.142 0.3836363636363636 0.14 0.3527272727272727 0.15 0.3327272727272727 0.182 0.3327272727272727 0.202 0.3418181818181818 0.224
0 0.1890909090909091 0.406 0.21818181818181817 0.426 0.2509090909090909 0.42 0.2672727272727273 0.404 0.27454545454545454 0.386 0.27090909090909093 0.35 0.2581818181818182 0.332 0.24 0.322 0.2290909090909091 0.322 0.19636363636363635 0.334 0.18 0.364 0.18 0.382 0.1890909090909091 0.406
0 0.54 0.546 0.5563636363636364 0.554 0.5781818181818181 0.554 0.5927272727272728 0.546 0.610909090909091 0.526 0.6145454545454545 0.514 0.6163636363636363 0.494 0.6054545454545455 0.466 0.5763636363636364 0.448 0.5709090909090909 0.448 0.5381818181818182 0.46 0.52 0.492 0.5254545454545455 0.528 0.54 0.546
0 0.17636363636363636 0.606 0.20545454545454545 0.628 0.24545454545454545 0.618 0.26 0.6 0.26545454545454544 0.582 0.26181818181818184 0.552 0.24727272727272728 0.534 0.22363636363636363 0.524 0.21272727272727274 0.524 0.18545454545454546 0.536 0.1690909090909091 0.566 0.1690909090909091 0.588 0.17636363636363636 0.606
0 0.2 0.842 0.21818181818181817 0.842 0.23454545454545456 0.834 0.24909090909090909 0.818 0.2581818181818182 0.79 0.24909090909090909 0.758 0.23636363636363636 0.744 0.21272727272727274 0.736 0.20545454545454545 0.736 0.17454545454545456 0.754 0.1618181818181818 0.782 0.1690909090909091 0.818 0.2 0.842
0 0 0.829 0.016363636363636365 0.838 0.04909090909090909 0.828 0.06181818181818182 0.816 0.07090909090909091 0.79 0.06909090909090909 0.764 0.06181818181818182 0.752 0.03272727272727273 0.732 0.022727272727272728 0.732 0 0.739575758 0 0.829
0 0.6110227272727272 1 0.6181818181818182 0.986 0.6145454545454545 0.95 0.6 0.932 0.5763636363636364 0.922 0.5690909090909091 0.922 0.5527272727272727 0.926 0.5327272727272727 0.942 0.5236363636363637 0.96 0.5236363636363637 0.986 0.5287272727272727 1 0.6110227272727272 1
1 0.5254545454545455 0.724 0.54 0.74 0.5581818181818182 0.746 0.5890909090909091 0.736 0.6054545454545455 0.706 0.6054545454545455 0.686 0.5945454545454546 0.662 0.5727272727272728 0.65 0.56 0.65 0.5381818181818182 0.658 0.52 0.684 0.52 0.712 0.5254545454545455 0.724
1 0.7145454545454546 0.618 0.7418181818181818 0.638 0.7727272727272727 0.632 0.7927272727272727 0.604 0.7890909090909091 0.572 0.7763636363636364 0.554 0.7618181818181818 0.546 0.7509090909090909 0.546 0.7254545454545455 0.554 0.7109090909090909 0.57 0.7072727272727273 0.586 0.7145454545454546 0.618
1 0 0 0 0.008 0.02727272727272727 0.032 0.05454545454545454 0.032 0.05818181818181818 0.028 0.05090909090909091 0.018 0.07272727272727272 0.018 0.08165289272727272 0 0 0
2 0.7138636363636364 0 0.7145454545454546 0.006 0.7254545454545455 0.022 0.7436363636363637 0.032 0.7636363636363637 0.032 0.78 0.024 0.7951048945454545 0 0.7138636363636364 0
2 0.3690909090909091 0.43 0.3927272727272727 0.444 0.4218181818181818 0.438 0.44545454545454544 0.404 0.4381818181818182 0.372 0.4127272727272727 0.35 0.4018181818181818 0.35 0.37454545454545457 0.358 0.3563636363636364 0.39 0.3563636363636364 0.404 0.3690909090909091 0.43
2 0.5690909090909091 0.234 0.5818181818181818 0.238 0.6145454545454545 0.228 0.6290909090909091 0.202 0.6309090909090909 0.182 0.6254545454545455 0.166 0.6127272727272727 0.15 0.5945454545454546 0.142 0.5818181818181818 0.142 0.5636363636363636 0.15 0.5454545454545454 0.176 0.5472727272727272 0.21 0.5690909090909091 0.234