0 0 0.23825 0.023636363636363636 0.248 0.05090909090909091 0.242 0.07454545454545454 0.208 0.06909090909090909 0.166 0.05090909090909091 0.148 0.034545454545454546 0.142 0.02 0.142 0 0.149333334 0 0.23825
0 0.33636363636363636 0.2 0.3563636363636364 0.238 0.3781818181818182 0.248 0.39454545454545453 0.248 0.4254545454545455 0.226 0.43272727272727274 0.208 0.43272727272727274 0.182 0.42 0.158 0.3890909090909091 0.142 0.38181818181818183 0.142 0.36 0.15 0.3472727272727273 0.162 0.3381818181818182 0.18 0.33636363636363636 0.2
0 0.52 0.436 0.5345454545454545 0.45 0.5563636363636364 0.458 0.5890909090909091 0.446 0.6072727272727273 0.412 0.6072727272727273 0.394 0.5945454545454546 0.368 0.5636363636363636 0.352 0.5581818181818182 0.352 0.5345454545454545 0.36 0.52 0.376 0.5127272727272727 0.396 0.52 0.436
0 0.1509090909090909 0.808 0.16545454545454547 0.84 0.19090909090909092 0.852 0.2109090909090909 0.85 0.23272727272727273 0.838 0.24727272727272728 0.81 0.24363636363636362 0.774 0.21454545454545454 0.748 0.20545454545454545 0.748 0.18727272727272729 0.748 0.1709090909090909 0.756 0.1509090909090909 0.79 0.1509090909090909 0.808
0 0 0.814615384 0.014545454545454545 0.822 0.02909090909090909 0.822 0.04909090909090909 0.812 0.06727272727272728 0.79 0.07090909090909091 0.772 0.06909090909090909 0.748 0.06 0.734 0.02909090909090909 0.716 0.02 0.716 0 0.725058824 0 0.814615384
0 0.8690909090909091 0.51 0.8763636363636363 0.53 0.8909090909090909 0.544 0.9090909090909091 0.552 0.9290909090909091 0.552 0.9581818181818181 0.53 0.9672727272727273 0.51 0.9672727272727273 0.486 0.9490909090909091 0.454 0.9181818181818182 0.446 0.9163636363636364 0.446 0.8945454545454545 0.454 0.8781818181818182 0.47 0.8690909090909091 0.492 0.8690909090909091 0.51
0 0.96051948 1 0.9563636363636364 0.968 0.9418181818181818 0.952 0.9254545454545454 0.946 0.9145454545454546 0.946 0.88 0.958 0.8672727272727273 0.982 0.8695041327272728 1 0.96051948 1
0 0.8927272727272727 0.21 0.9018181818181819 0.234 0.9363636363636364 0.252 0.9545454545454546 0.25 0.9709090909090909 0.24 0.9890909090909091 0.208 0.9890909090909091 0.19 0.98 0.166 0.9672727272727273 0.154 0.9454545454545454 0.146 0.94 0.146 0.9145454545454546 0.154 0.9018181818181819 0.166 0.8927272727272727 0.19 0.8927272727272727 0.21
2 0 0.603529412 0.00909090909090909 0.61 0.03272727272727273 0.61 0.06 0.592 0.07014727272727274 0.573474 0.06636 0.5520499999999999 0.059869090909090907 0.5371739999999999 0.05013090909090909 0.5217 0.03636363636363636 0.512 0.025454545454545455 0.512 0 0.518 0 0.603529412
2 0.4339636363636364 1 0.43272727272727274 0.966 0.42363636363636364 0.956 0.4 0.948 0.3890909090909091 0.948 0.36727272727272725 0.958 0.35454545454545455 0.986 0.35454545454545455 1 0.4339636363636364 1
2 0.33524363636363635 0.5187240000000001 0.3455218181818182 0.5383640000000001 0.36499818181818183 0.55086 0.3925909090909091 0.54967 0.4036363636363636 0.538 0.41747636363636365 0.52527 0.4191 0.502656 0.4109090909090909 0.474 0.38727272727272727 0.456 0.37636363636363634 0.456 0.35454545454545455 0.46 0.3401127272727273 0.472306 0.3327272727272727 0.494 0.33524363636363635 0.5187240000000001
2 0.18 0.23 0.2 0.24 0.21892545454545456 0.241998 0.23272727272727273 0.23 0.24760000000000001 0.218194 0.24909090909090909 0.202 0.2530090909090909 0.184272 0.24363636363636362 0.166 0.21636363636363637 0.144 0.20545454545454545 0.144 0.18363636363636363 0.148 0.16363636363636364 0.176 0.16545454545454547 0.212 0.18 0.23
1 0.5236363636363637 0.942 0.54 0.954 0.56 0.958 0.5836363636363636 0.948 0.6036363636363636 0.916 0.5945454545454546 0.884 0.5818181818181818 0.866 0.5654545454545454 0.86 0.5545454545454546 0.86 0.5363636363636364 0.866 0.5236363636363637 0.878 0.5127272727272727 0.914 0.5236363636363637 0.942
1 0.6272727272727273 0.738 0.64 0.742 0.6690909090909091 0.74 0.6927272727272727 0.708 0.6836363636363636 0.672 0.6581818181818182 0.65 0.649090909090909 0.65 0.6272727272727273 0.654 0.6054545454545455 0.686 0.6090909090909091 0.718 0.6272727272727273 0.738
1 0.5472727272727272 0.232 0.56 0.236 0.5890909090909091 0.232 0.6090909090909091 0.214 0.6145454545454545 0.2 0.6145454545454545 0.182 0.6054545454545455 0.158 0.5945454545454546 0.146 0.5763636363636364 0.14 0.5709090909090909 0.14 0.5436363636363636 0.15 0.5272727272727272 0.18 0.5327272727272727 0.214 0.5472727272727272 0.232
1 0.5363636363636364 0 0.5363636363636364 0.016 0.5454545454545454 0.036 0.5727272727272728 0.052 0.6036363636363636 0.042 0.6145454545454545 0.032 0.62 0.016 0.618288770909091 0 0.5363636363636364 0