0 0 0.428 0.038181818181818185 0.434 0.06727272727272728 0.412 0.07454545454545454 0.372 0.056363636363636366 0.34 0.02909090909090909 0.328 0.023636363636363636 0.328 0.0018181818181818182 0.334 0 0.335777778 0 0.428
0 0.38181818181818183 0.232 0.4036363636363636 0.232 0.4218181818181818 0.224 0.4381818181818182 0.206 0.44363636363636366 0.186 0.43454545454545457 0.148 0.41818181818181815 0.132 0.4 0.126 0.39454545454545453 0.126 0.36727272727272725 0.136 0.3472727272727273 0.168 0.35454545454545455 0.208 0.38181818181818183 0.232
0 0.54 0.422 0.5490909090909091 0.434 0.5727272727272728 0.444 0.5909090909090909 0.442 0.6145454545454545 0.428 0.6272727272727273 0.398 0.6254545454545455 0.376 0.6163636363636363 0.356 0.5909090909090909 0.34 0.58 0.34 0.5490909090909091 0.35 0.5327272727272727 0.378 0.5327272727272727 0.406 0.54 0.422
0 0.3527272727272727 0.614 0.38 0.636 0.4109090909090909 0.632 0.42727272727272725 0.618 0.4381818181818182 0.596 0.4381818181818182 0.572 0.4309090909090909 0.554 0.3981818181818182 0.532 0.3890909090909091 0.532 0.3618181818181818 0.544 0.34545454545454546 0.57 0.34545454545454546 0.596 0.3527272727272727 0.614
0 0.16545454545454547 0.942 0.1890909090909091 0.95 0.22181818181818183 0.942 0.23454545454545456 0.928 0.24363636363636362 0.902 0.23636363636363636 0.862 0.21636363636363637 0.846 0.19818181818181818 0.842 0.19272727272727272 0.842 0.16545454545454547 0.856 0.14909090909090908 0.884 0.15272727272727274 0.922 0.16545454545454547 0.942
0 0.5309090909090909 0.81 0.5454545454545454 0.826 0.5690909090909091 0.834 0.6018181818181818 0.82 0.6181818181818182 0.79 0.6145454545454545 0.756 0.5945454545454546 0.734 0.5781818181818181 0.728 0.5654545454545454 0.728 0.5436363636363636 0.736 0.5327272727272727 0.748 0.5236363636363637 0.788 0.5309090909090909 0.81
0 0.6106818181818182 1 0.6090909090909091 0.986 0.5963636363636363 0.966 0.5763636363636364 0.956 0.5654545454545454 0.956 0.5363636363636364 0.964 0.52 0.986 0.5171717163636363 1 0.6106818181818182 1
0 0.5563636363636364 0.632 0.5727272727272728 0.64 0.5927272727272728 0.64 0.6181818181818182 0.624 0.6290909090909091 0.604 0.6309090909090909 0.584 0.6218181818181818 0.556 0.5890909090909091 0.536 0.5745454545454546 0.536 0.5545454545454546 0.546 0.5381818181818182 0.568 0.5363636363636364 0.6 0.5563636363636364 0.632
1 0.3836363636363636 0.422 0.4036363636363636 0.422 0.4254545454545455 0.41 0.44181818181818183 0.376 0.4254545454545455 0.34 0.4018181818181818 0.328 0.3927272727272727 0.328 0.3709090909090909 0.336 0.3527272727272727 0.364 0.35818181818181816 0.402 0.3836363636363636 0.422
1 0.33090909090909093 0.806 0.34 0.822 0.35454545454545455 0.836 0.3690909090909091 0.84 0.39636363636363636 0.832 0.4163636363636364 0.808 0.4109090909090909 0.768 0.3890909090909091 0.746 0.37636363636363634 0.746 0.3563636363636364 0.748 0.34545454545454546 0.756 0.3290909090909091 0.786 0.33090909090909093 0.806
2 0.15228181818181818 0.402 0.17046363636363634 0.432 0.2031909090909091 0.438 0.2276290909090909 0.42236599999999996 0.2360781818181818 0.39888799999999996 0.2360781818181818 0.38617 0.23207636363636364 0.372964 0.22451636363636363 0.35829 0.21518 0.348506 0.20717454545454544 0.343126 0.17773636363636364 0.342 0.15773636363636362 0.356 0.15046363636363635 0.374 0.15228181818181818 0.402