2 1 0.758711818 0.9927272727272727 0.7485299999999999 0.9654545454545455 0.74253 0.9545454545454546 0.74253 0.94 0.7485299999999999 0.9254545454545454 0.7725299999999999 0.9236363636363636 0.79853 0.9290909090909091 0.81253 0.9397781818181818 0.82794 0.9581818181818181 0.83653 0.9801781818181817 0.8385199999999999 1 0.83453 1 0.758711818
2 0.3176418181818182 0.192002 0.31636363636363635 0.172 0.3 0.142 0.27636363636363637 0.132 0.26181818181818184 0.132 0.24727272727272728 0.14 0.23624545454545454 0.157364 0.2308981818181818 0.18612 0.23272727272727273 0.2 0.24909090909090909 0.218 0.2623872727272727 0.22925399999999999 0.2818181818181818 0.228 0.2986290909090909 0.22206399999999998 0.3090909090909091 0.208 0.3176418181818182 0.192002
1 0.028509090909090908 0 0.03090909090909091 0.022 0.04363636363636364 0.038 0.06 0.046 0.07272727272727272 0.048 0.09636363636363636 0.038 0.10850727272727273 0.027308 0.11272727272727273 0.01 0.11151515090909092 0 0.028509090909090908 0
0 1 0.35 0.9781818181818182 0.344 0.9654545454545455 0.344 0.94 0.36 0.9327272727272727 0.374 0.9309090909090909 0.412 0.9563636363636364 0.444 0.9872727272727273 0.448 1 0.440533334 1 0.35
0 1 0.538444444 0.9963636363636363 0.534 0.9727272727272728 0.524 0.96 0.524 0.9290909090909091 0.542 0.9181818181818182 0.578 0.9236363636363636 0.598 0.9363636363636364 0.616 0.9581818181818181 0.628 0.9781818181818182 0.628 0.9981818181818182 0.62 1 0.6175 1 0.538444444
0 0.2963636363636364 0.786 0.28363636363636363 0.756 0.2690909090909091 0.746 0.24636363636363637 0.742 0.23636363636363636 0.742 0.22181818181818183 0.748 0.20545454545454545 0.766 0.2 0.802 0.21818181818181817 0.838 0.2509090909090909 0.848 0.2727272727272727 0.84 0.28909090909090907 0.824 0.2963636363636364 0.786
0 0.8363636363636363 0.604 0.84 0.568 0.8218181818181818 0.538 0.79 0.528 0.78 0.528 0.7527272727272727 0.548 0.7454545454545455 0.566 0.7454545454545455 0.592 0.7654545454545455 0.624 0.7818181818181819 0.632 0.8036363636363636 0.632 0.8236363636363636 0.62 0.8363636363636363 0.604
0 0.8381818181818181 0.802 0.8381818181818181 0.778 0.8309090909090909 0.76 0.7963636363636364 0.736 0.7872727272727272 0.736 0.7636363636363637 0.744 0.7509090909090909 0.758 0.7436363636363637 0.778 0.7490909090909091 0.814 0.7654545454545455 0.834 0.7818181818181819 0.842 0.8072727272727273 0.84 0.8309090909090909 0.82 0.8381818181818181 0.802
0 0.6527272727272727 0.6 0.6545454545454545 0.574 0.64 0.546 0.6090909090909091 0.532 0.6018181818181818 0.532 0.5763636363636364 0.544 0.5672727272727273 0.556 0.56 0.578 0.5618181818181818 0.598 0.5854545454545454 0.63 0.62 0.636 0.6436363636363637 0.62 0.6527272727272727 0.6
0 0.49272727272727274 0.782 0.4781818181818182 0.752 0.45636363636363636 0.738 0.44181818181818183 0.736 0.44 0.736 0.4127272727272727 0.748 0.40545454545454546 0.758 0.3981818181818182 0.778 0.3981818181818182 0.802 0.4109090909090909 0.826 0.4254545454545455 0.838 0.45636363636363636 0.842 0.4818181818181818 0.824 0.4909090909090909 0.806 0.49272727272727274 0.782
0 0.48 0.39 0.48 0.374 0.4618181818181818 0.34 0.43636363636363634 0.328 0.4254545454545455 0.328 0.4 0.342 0.3890909090909091 0.358 0.3836363636363636 0.374 0.38545454545454544 0.396 0.4127272727272727 0.428 0.44363636363636366 0.432 0.4690909090909091 0.414 0.48 0.39
0 0.6472727272727272 0.204 0.6509090909090909 0.164 0.6363636363636364 0.14 0.6054545454545455 0.126 0.6 0.126 0.5672727272727273 0.144 0.5563636363636364 0.168 0.5563636363636364 0.188 0.5618181818181818 0.206 0.5836363636363636 0.228 0.6163636363636363 0.232 0.6472727272727272 0.204
0 0.8363636363636363 0.202 0.8363636363636363 0.176 0.8218181818181818 0.148 0.7881818181818182 0.136 0.7781818181818182 0.136 0.7654545454545455 0.14 0.7490909090909091 0.156 0.74 0.178 0.74 0.196 0.7545454545454545 0.228 0.78 0.242 0.7945454545454546 0.242 0.8145454545454546 0.234 0.8290909090909091 0.218 0.8363636363636363 0.202
0 0.2018181818181818 0 0.2109090909090909 0.024 0.22363636363636363 0.036 0.25636363636363635 0.044 0.2872727272727273 0.026 0.2963636363636364 0.006 0.2963636363636364 0 0.2018181818181818 0
0 0.10909090909090909 0.234 0.11454545454545455 0.196 0.09818181818181818 0.166 0.07090909090909091 0.154 0.06363636363636363 0.154 0.04181818181818182 0.16 0.02727272727272727 0.176 0.01818181818181818 0.21 0.03272727272727273 0.244 0.05454545454545454 0.258 0.07272727272727272 0.26 0.09636363636363636 0.25 0.10909090909090909 0.234
0 0.3 0.41 0.3 0.39 0.28363636363636363 0.358 0.25636363636363635 0.346 0.24545454545454545 0.346 0.22545454545454546 0.354 0.2109090909090909 0.368 0.20545454545454545 0.41 0.21272727272727274 0.43 0.22545454545454546 0.444 0.2636363636363636 0.45 0.2909090909090909 0.432 0.3 0.41