0 0.7451674636363637 0 0.7563636363636363 0.026 0.7763636363636364 0.038 0.7963636363636364 0.04 0.8181818181818182 0.03 0.8327272727272728 0.012 0.8343636363636363 0 0.7451674636363637 0
0 1 0.1356 0.9854545454545455 0.126 0.9672727272727273 0.124 0.9563636363636364 0.124 0.9290909090909091 0.142 0.92 0.166 0.92 0.186 0.9345454545454546 0.216 0.9581818181818181 0.23 0.9781818181818182 0.23 1 0.218 1 0.1356
0 0.6545454545454545 0.606 0.6618181818181819 0.57 0.6418181818181818 0.536 0.6136363636363636 0.528 0.6018181818181818 0.528 0.5709090909090909 0.554 0.5672727272727273 0.588 0.58 0.614 0.6163636363636363 0.632 0.6418181818181818 0.622 0.6545454545454545 0.606
0 0.48363636363636364 0.374 0.4763636363636364 0.354 0.4636363636363636 0.34 0.44 0.33 0.43454545454545457 0.33 0.4109090909090909 0.338 0.3981818181818182 0.35 0.3890909090909091 0.374 0.3890909090909091 0.394 0.39454545454545453 0.41 0.4090909090909091 0.426 0.44 0.436 0.45454545454545453 0.434 0.4709090909090909 0.42 0.4818181818181818 0.402 0.48363636363636364 0.374
0 0.8563636363636363 0.58 0.850909090909091 0.56 0.8381818181818181 0.544 0.8072727272727273 0.534 0.7963636363636364 0.534 0.7672727272727272 0.554 0.76 0.57 0.76 0.596 0.7672727272727272 0.616 0.7836363636363637 0.632 0.8181818181818182 0.638 0.8454545454545455 0.62 0.8563636363636363 0.58
0 0.38 0.73 0.3890909090909091 0.69 0.3709090909090909 0.66 0.34545454545454546 0.648 0.3327272727272727 0.648 0.31636363636363635 0.654 0.29818181818181816 0.674 0.29454545454545455 0.712 0.3109090909090909 0.742 0.34545454545454546 0.754 0.3709090909090909 0.742 0.38 0.73
0 0.12181818181818181 0.398 0.12 0.384 0.10545454545454545 0.36 0.07272727272727272 0.346 0.06727272727272728 0.346 0.045454545454545456 0.354 0.03090909090909091 0.368 0.023636363636363636 0.386 0.023636363636363636 0.408 0.04181818181818182 0.44 0.05818181818181818 0.45 0.07636363636363637 0.452 0.10909090909090909 0.436 0.12 0.416 0.12181818181818181 0.398
0 0.4810909090909091 1 0.48545454545454547 0.968 0.48 0.95 0.46545454545454545 0.934 0.43636363636363634 0.926 0.42727272727272725 0.926 0.4109090909090909 0.934 0.3981818181818182 0.95 0.39090909090909093 0.966 0.39090909090909093 0.988 0.3952727272727273 1 0.4810909090909091 1
0 0.8329186599999999 1 0.8363636363636363 0.976 0.8218181818181818 0.95 0.7872727272727272 0.936 0.7781818181818182 0.936 0.7509090909090909 0.952 0.74 0.976 0.74 0.998 0.7409790218181818 1 0.8329186599999999 1
1 0.8472727272727273 0.786 0.8345454545454546 0.76 0.8194381818181817 0.749522 0.8018181818181818 0.748 0.7927272727272727 0.748 0.7769163636363636 0.756094 0.7672727272727272 0.772 0.7614527272727273 0.787792 0.7636363636363637 0.81 0.7741036363636363 0.829928 0.7927272727272727 0.84 0.8011654545454546 0.8450059999999999 0.8127272727272727 0.842 0.8303327272727272 0.838434 0.8418181818181818 0.824 0.8472018181818182 0.805188 0.8472727272727273 0.786
1 0.6418181818181818 0.232 0.6527272727272727 0.204 0.6436363636363637 0.17 0.6163636363636363 0.154 0.6072727272727273 0.154 0.5854545454545454 0.162 0.5745454545454546 0.174 0.5672727272727273 0.198 0.5763636363636364 0.228 0.6 0.246 0.6309090909090909 0.242 0.6418181818181818 0.232
2 0.8500127272727273 0.35599000000000003 0.8359563636363636 0.34246 0.8226018181818181 0.340528 0.8113563636363637 0.339368 0.8011654545454546 0.341686 0.7902709090909091 0.346326 0.7814854545454546 0.35444400000000004 0.7765654545454546 0.36719999999999997 0.7723472727272728 0.39232799999999995 0.7755109090909091 0.41243 0.7853509090909091 0.424414 0.8004618181818182 0.43407799999999996 0.8134654545454546 0.434464 0.8338472727272727 0.43253199999999997 0.8475527272727272 0.417456 0.8573927272727272 0.396194 0.8588 0.37416000000000005 0.8500127272727273 0.35599000000000003