0 0.33636363636363636 0.404 0.3509090909090909 0.42 0.3690909090909091 0.428 0.39636363636363636 0.424 0.41454545454545455 0.408 0.42363636363636364 0.388 0.42363636363636364 0.36 0.41818181818181815 0.348 0.40545454545454546 0.332 0.3890909090909091 0.324 0.37636363636363634 0.324 0.34545454545454546 0.334 0.3290909090909091 0.366 0.3290909090909091 0.388 0.33636363636363636 0.404
0 0.5327272727272727 0.432 0.5581818181818182 0.448 0.5890909090909091 0.444 0.6072727272727273 0.428 0.6163636363636363 0.41 0.6145454545454545 0.376 0.5981818181818181 0.354 0.5763636363636364 0.344 0.5672727272727273 0.344 0.5363636363636364 0.358 0.5218181818181818 0.384 0.5218181818181818 0.406 0.5327272727272727 0.432
0 0.35454545454545455 0.642 0.38 0.652 0.4090909090909091 0.642 0.4218181818181818 0.63 0.4309090909090909 0.606 0.42363636363636364 0.57 0.39454545454545453 0.548 0.38545454545454544 0.548 0.3527272727272727 0.56 0.33636363636363636 0.586 0.33454545454545453 0.604 0.35454545454545455 0.642
0 0.5309090909090909 0.624 0.5581818181818182 0.642 0.5763636363636364 0.642 0.5963636363636363 0.632 0.610909090909091 0.614 0.6163636363636363 0.596 0.6090909090909091 0.562 0.5945454545454546 0.546 0.5763636363636364 0.538 0.56 0.538 0.5363636363636364 0.55 0.52 0.58 0.52 0.604 0.5309090909090909 0.624
2 0 0.228512788 0.01704909090909091 0.237542 0.04270181818181818 0.235192 0.0589490909090909 0.223434 0.0657909090909091 0.211204 0.06909090909090909 0.196 0.06909090909090909 0.18 0.0645090909090909 0.169346 0.056363636363636366 0.16 0.05082545454545455 0.149592 0.038181818181818185 0.14 0.02909090909090909 0.138 0.02727272727272727 0.138 0.008923636363636364 0.140186 0 0.144491244 0 0.228512788
2 0.17147519454545454 0 0.17396545454545453 0.008494 0.18080727272727273 0.016489999999999998 0.18363636363636363 0.018 0.19064181818181816 0.027777999999999997 0.20363636363636364 0.034 0.22313636363636363 0.034362000000000004 0.2381818181818182 0.028 0.2517836363636364 0.014608000000000001 0.2577690909090909 0.000028 0.25776986181818184 0 0.17147519454545454 0
2 0 0.8560701340000001 0.011061818181818181 0.8583719999999999 0.02727272727272727 0.854 0.049970909090909094 0.836268 0.05595636363636364 0.816984 0.05595636363636364 0.805226 0.053390909090909086 0.7882939999999999 0.04398545454545454 0.776066 0.03415090909090909 0.76713 0.020896363636363637 0.761486 0.004221818181818182 0.7610159999999999 0 0.762581894 0 0.8560701340000001
2 0.2481108490909091 1 0.24836363636363634 0.996178 0.24665272727272725 0.98395 0.2406672727272727 0.974542 0.23382545454545456 0.964666 0.21928727272727275 0.957612 0.21030363636363636 0.954 0.18 0.96 0.1618181818181818 0.988 0.16262626181818182 1 0.2481108490909091 1
1 0.6991985709090909 0 0.6994127272727273 0.012572 0.7063690909090908 0.032 0.717049090909091 0.04391 0.7318236363636363 0.05 0.7478 0.053362 0.7613654545454545 0.051372 0.7762890909090909 0.035454 0.7830727272727273 0.025008 0.7863690909090909 0.016 0.7892781818181819 0 0.6991985709090909 0
1 0.8859072727272728 0.196 0.8895436363636364 0.218 0.8986345454545455 0.232 0.9105963636363635 0.243384 0.924089090909091 0.246 0.9404527272727273 0.246 0.9586345454545455 0.236 0.9695436363636364 0.224 0.9786345454545455 0.194 0.9768163636363637 0.174 0.9659072727272727 0.158 0.9386345454545455 0.152 0.9259072727272728 0.152 0.9115018181818182 0.155336 0.9022709090909091 0.164 0.8916036363636364 0.17623 0.8859072727272728 0.196
1 0.8981818181818182 0.818 0.9127272727272727 0.834 0.9290909090909091 0.84 0.9449654545454546 0.8418 0.9553654545454546 0.836328 0.9693854545454547 0.8318519999999999 0.9745454545454545 0.818 0.9781818181818182 0.804 0.9784290909090908 0.782606 0.9709090909090909 0.768 0.9616963636363636 0.7532559999999999 0.9436363636363636 0.746 0.9290909090909091 0.746 0.9090909090909091 0.754 0.8927272727272727 0.78 0.8927272727272727 0.806 0.8981818181818182 0.818
1 0.7954295418181818 1 0.7961854545454545 0.9955080000000001 0.7927272727272727 0.98 0.7781818181818182 0.952 0.7527272727272727 0.944 0.7509090909090909 0.944 0.730909090909091 0.95 0.7145454545454546 0.966 0.7072727272727273 0.992 0.7083116890909091 1 0.7954295418181818 1