2 0 0.83453 0.01982181818181818 0.8385199999999999 0.04181818181818182 0.83653 0.06022181818181818 0.82794 0.07090909090909091 0.81253 0.07636363636363637 0.79853 0.07454545454545454 0.7725299999999999 0.06 0.7485299999999999 0.045454545454545456 0.74253 0.034545454545454546 0.74253 0.007272727272727273 0.7485299999999999 0 0.758711818 0 0.83453
2 0.6909090909090909 0.208 0.7013709090909092 0.22206399999999998 0.7181818181818181 0.228 0.7376127272727273 0.22925399999999999 0.7509090909090909 0.218 0.7672727272727272 0.2 0.7691018181818181 0.18612 0.7637545454545455 0.157364 0.7527272727272727 0.14 0.7381818181818182 0.132 0.7236363636363636 0.132 0.7 0.142 0.6836363636363636 0.172 0.6823581818181819 0.192002 0.6909090909090909 0.208
1 0.8884848490909091 0 0.8872727272727273 0.01 0.8914927272727273 0.027308 0.9036363636363637 0.038 0.9272727272727272 0.048 0.94 0.046 0.9563636363636364 0.038 0.9690909090909091 0.022 0.9714909090909092 0 0.8884848490909091 0
0 0 0.440533334 0.012727272727272728 0.448 0.04363636363636364 0.444 0.06909090909090909 0.412 0.06727272727272728 0.374 0.06 0.36 0.034545454545454546 0.344 0.02181818181818182 0.344 0 0.35 0 0.440533334
0 0 0.6175 0.0018181818181818182 0.62 0.02181818181818182 0.628 0.04181818181818182 0.628 0.06363636363636363 0.616 0.07636363636363637 0.598 0.08181818181818182 0.578 0.07090909090909091 0.542 0.04 0.524 0.02727272727272727 0.524 0.0036363636363636364 0.534 0 0.538444444 0 0.6175
0 0.7109090909090909 0.824 0.7272727272727273 0.84 0.7490909090909091 0.848 0.7818181818181819 0.838 0.8 0.802 0.7945454545454546 0.766 0.7781818181818182 0.748 0.7636363636363637 0.742 0.7536363636363637 0.742 0.730909090909091 0.746 0.7163636363636363 0.756 0.7036363636363636 0.786 0.7109090909090909 0.824
0 0.17636363636363636 0.62 0.19636363636363635 0.632 0.21818181818181817 0.632 0.23454545454545456 0.624 0.2545454545454545 0.592 0.2545454545454545 0.566 0.24727272727272728 0.548 0.22 0.528 0.21 0.528 0.1781818181818182 0.538 0.16 0.568 0.16363636363636364 0.604 0.17636363636363636 0.62
0 0.1690909090909091 0.82 0.19272727272727272 0.84 0.21818181818181817 0.842 0.23454545454545456 0.834 0.2509090909090909 0.814 0.25636363636363635 0.778 0.24909090909090909 0.758 0.23636363636363636 0.744 0.21272727272727274 0.736 0.20363636363636364 0.736 0.1690909090909091 0.76 0.1618181818181818 0.778 0.1618181818181818 0.802 0.1690909090909091 0.82
0 0.3563636363636364 0.62 0.38 0.636 0.41454545454545455 0.63 0.4381818181818182 0.598 0.44 0.578 0.43272727272727274 0.556 0.42363636363636364 0.544 0.3981818181818182 0.532 0.39090909090909093 0.532 0.36 0.546 0.34545454545454546 0.574 0.3472727272727273 0.6 0.3563636363636364 0.62
0 0.509090909090909 0.806 0.5181818181818182 0.824 0.5436363636363636 0.842 0.5745454545454546 0.838 0.5890909090909091 0.826 0.6018181818181818 0.802 0.6018181818181818 0.778 0.5945454545454546 0.758 0.5872727272727273 0.748 0.56 0.736 0.5581818181818182 0.736 0.5436363636363636 0.738 0.5218181818181818 0.752 0.5072727272727273 0.782 0.509090909090909 0.806
0 0.5309090909090909 0.414 0.5563636363636364 0.432 0.5872727272727273 0.428 0.6145454545454545 0.396 0.6163636363636363 0.374 0.610909090909091 0.358 0.6 0.342 0.5745454545454546 0.328 0.5636363636363636 0.328 0.5381818181818182 0.34 0.52 0.374 0.52 0.39 0.5309090909090909 0.414
0 0.3836363636363636 0.232 0.4163636363636364 0.228 0.4381818181818182 0.206 0.44363636363636366 0.188 0.44363636363636366 0.168 0.43272727272727274 0.144 0.4 0.126 0.39454545454545453 0.126 0.36363636363636365 0.14 0.3490909090909091 0.164 0.3527272727272727 0.204 0.3836363636363636 0.232
0 0.1709090909090909 0.218 0.18545454545454546 0.234 0.20545454545454545 0.242 0.22 0.242 0.24545454545454545 0.228 0.26 0.196 0.26 0.178 0.2509090909090909 0.156 0.23454545454545456 0.14 0.22181818181818183 0.136 0.21181818181818182 0.136 0.1781818181818182 0.148 0.16363636363636364 0.176 0.16363636363636364 0.202 0.1709090909090909 0.218
0 0.7036363636363636 0 0.7036363636363636 0.006 0.7127272727272728 0.026 0.7436363636363637 0.044 0.7763636363636364 0.036 0.7890909090909091 0.024 0.7981818181818182 0 0.7036363636363636 0
0 0.9036363636363637 0.25 0.9272727272727272 0.26 0.9454545454545454 0.258 0.9672727272727273 0.244 0.9818181818181818 0.21 0.9727272727272728 0.176 0.9581818181818181 0.16 0.9363636363636364 0.154 0.9290909090909091 0.154 0.9018181818181819 0.166 0.8854545454545455 0.196 0.8909090909090909 0.234 0.9036363636363637 0.25
0 0.7090909090909091 0.432 0.7363636363636363 0.45 0.7745454545454545 0.444 0.7872727272727272 0.43 0.7945454545454546 0.41 0.7890909090909091 0.368 0.7745454545454545 0.354 0.7545454545454545 0.346 0.7436363636363637 0.346 0.7163636363636363 0.358 0.7 0.39 0.7 0.41 0.7090909090909091 0.432