0 0.6709090909090909 0.388 0.6709090909090909 0.366 0.6545454545454545 0.334 0.6236363636363637 0.324 0.610909090909091 0.324 0.5945454545454546 0.332 0.5818181818181818 0.348 0.5763636363636364 0.36 0.5763636363636364 0.388 0.5854545454545454 0.408 0.6036363636363636 0.424 0.6309090909090909 0.428 0.649090909090909 0.42 0.6636363636363637 0.404 0.6709090909090909 0.388
0 0.4781818181818182 0.406 0.4781818181818182 0.384 0.4636363636363636 0.358 0.43272727272727274 0.344 0.42363636363636364 0.344 0.4018181818181818 0.354 0.38545454545454544 0.376 0.3836363636363636 0.41 0.3927272727272727 0.428 0.4109090909090909 0.444 0.44181818181818183 0.448 0.4672727272727273 0.432 0.4781818181818182 0.406
0 0.6654545454545454 0.604 0.6636363636363637 0.586 0.6472727272727272 0.56 0.6145454545454545 0.548 0.6054545454545455 0.548 0.5763636363636364 0.57 0.5690909090909091 0.606 0.5781818181818181 0.63 0.5909090909090909 0.642 0.62 0.652 0.6454545454545455 0.642 0.6654545454545454 0.604
0 0.48 0.604 0.48 0.58 0.4636363636363636 0.55 0.44 0.538 0.42363636363636364 0.538 0.40545454545454546 0.546 0.39090909090909093 0.562 0.3836363636363636 0.596 0.3890909090909091 0.614 0.4036363636363636 0.632 0.42363636363636364 0.642 0.44181818181818183 0.642 0.4690909090909091 0.624 0.48 0.604
2 1 0.144491244 0.9910763636363636 0.140186 0.9727272727272728 0.138 0.9709090909090909 0.138 0.9618181818181818 0.14 0.9491745454545455 0.149592 0.9436363636363636 0.16 0.935490909090909 0.169346 0.9309090909090909 0.18 0.9309090909090909 0.196 0.934209090909091 0.211204 0.941050909090909 0.223434 0.9572981818181818 0.235192 0.9829509090909092 0.237542 1 0.228512788 1 0.144491244
2 0.7422301381818183 0 0.742230909090909 0.000028 0.7482163636363637 0.014608000000000001 0.7618181818181818 0.028 0.7768636363636363 0.034362000000000004 0.7963636363636364 0.034 0.8093581818181818 0.027777999999999997 0.8163636363636364 0.018 0.8191927272727273 0.016489999999999998 0.8260345454545455 0.008494 0.8285248054545454 0 0.7422301381818183 0
2 1 0.762581894 0.9957781818181818 0.7610159999999999 0.9791036363636363 0.761486 0.9658490909090909 0.76713 0.9560145454545455 0.776066 0.9466090909090908 0.7882939999999999 0.9440436363636364 0.805226 0.9440436363636364 0.816984 0.9500290909090908 0.836268 0.9727272727272728 0.854 0.9889381818181819 0.8583719999999999 1 0.8560701340000001 1 0.762581894
2 0.8373737381818183 1 0.8381818181818181 0.988 0.82 0.96 0.7896963636363636 0.954 0.7807127272727272 0.957612 0.7661745454545454 0.964666 0.7593327272727273 0.974542 0.7533472727272728 0.98395 0.7516363636363635 0.996178 0.7518891509090909 1 0.8373737381818183 1
1 0.2107218181818182 0 0.2136309090909091 0.016 0.21692727272727272 0.025008 0.22371090909090907 0.035454 0.23863454545454543 0.051372 0.25220000000000004 0.053362 0.26817636363636366 0.05 0.2829509090909091 0.04391 0.2936309090909091 0.032 0.30058727272727276 0.012572 0.3008014290909091 0 0.2107218181818182 0
1 0.10839636363636364 0.17623 0.0977290909090909 0.164 0.08849818181818182 0.155336 0.07409272727272727 0.152 0.06136545454545454 0.152 0.034092727272727275 0.158 0.02318363636363636 0.174 0.021365454545454545 0.194 0.03045636363636364 0.224 0.041365454545454546 0.236 0.059547272727272726 0.246 0.07591090909090908 0.246 0.08940363636363635 0.243384 0.10136545454545454 0.232 0.11045636363636363 0.218 0.11409272727272726 0.196 0.10839636363636364 0.17623
1 0.10727272727272727 0.806 0.10727272727272727 0.78 0.09090909090909091 0.754 0.07090909090909091 0.746 0.056363636363636366 0.746 0.038303636363636366 0.7532559999999999 0.02909090909090909 0.768 0.021570909090909092 0.782606 0.02181818181818182 0.804 0.025454545454545455 0.818 0.030614545454545457 0.8318519999999999 0.044634545454545455 0.836328 0.055034545454545454 0.8418 0.07090909090909091 0.84 0.08727272727272728 0.834 0.10181818181818182 0.818 0.10727272727272727 0.806
1 0.2916883109090909 1 0.2927272727272727 0.992 0.28545454545454546 0.966 0.2690909090909091 0.95 0.24909090909090909 0.944 0.24727272727272728 0.944 0.22181818181818183 0.952 0.20727272727272728 0.98 0.20381454545454544 0.9955080000000001 0.20457045818181818 1 0.2916883109090909 1