0 0.16563636363636364 0 0.16727272727272727 0.012 0.18181818181818182 0.03 0.20363636363636364 0.04 0.22363636363636363 0.038 0.24363636363636362 0.026 0.25483253636363634 0 0.16563636363636364 0
0 0 0.218 0.02181818181818182 0.23 0.04181818181818182 0.23 0.06545454545454546 0.216 0.08 0.186 0.08 0.166 0.07090909090909091 0.142 0.04363636363636364 0.124 0.03272727272727273 0.124 0.014545454545454545 0.126 0 0.1356 0 0.218
0 0.35818181818181816 0.622 0.3836363636363636 0.632 0.42 0.614 0.43272727272727274 0.588 0.4290909090909091 0.554 0.3981818181818182 0.528 0.38636363636363635 0.528 0.35818181818181816 0.536 0.3381818181818182 0.57 0.34545454545454546 0.606 0.35818181818181816 0.622
0 0.5181818181818182 0.402 0.5290909090909091 0.42 0.5454545454545454 0.434 0.56 0.436 0.5909090909090909 0.426 0.6054545454545455 0.41 0.610909090909091 0.394 0.610909090909091 0.374 0.6018181818181818 0.35 0.5890909090909091 0.338 0.5654545454545454 0.33 0.56 0.33 0.5363636363636364 0.34 0.5236363636363637 0.354 0.5163636363636364 0.374 0.5181818181818182 0.402
0 0.15454545454545454 0.62 0.18181818181818182 0.638 0.21636363636363637 0.632 0.23272727272727273 0.616 0.24 0.596 0.24 0.57 0.23272727272727273 0.554 0.20363636363636364 0.534 0.19272727272727272 0.534 0.1618181818181818 0.544 0.14909090909090908 0.56 0.14363636363636365 0.58 0.15454545454545454 0.62
0 0.6290909090909091 0.742 0.6545454545454545 0.754 0.6890909090909091 0.742 0.7054545454545454 0.712 0.7018181818181818 0.674 0.6836363636363636 0.654 0.6672727272727272 0.648 0.6545454545454545 0.648 0.6290909090909091 0.66 0.610909090909091 0.69 0.62 0.73 0.6290909090909091 0.742
0 0.88 0.416 0.8909090909090909 0.436 0.9236363636363636 0.452 0.9418181818181818 0.45 0.9581818181818181 0.44 0.9763636363636363 0.408 0.9763636363636363 0.386 0.9690909090909091 0.368 0.9545454545454546 0.354 0.9327272727272727 0.346 0.9272727272727272 0.346 0.8945454545454545 0.36 0.88 0.384 0.8781818181818182 0.398 0.88 0.416
0 0.6047272727272728 1 0.6090909090909091 0.988 0.6090909090909091 0.966 0.6018181818181818 0.95 0.5890909090909091 0.934 0.5727272727272728 0.926 0.5636363636363636 0.926 0.5345454545454545 0.934 0.52 0.95 0.5145454545454545 0.968 0.5189090909090909 1 0.6047272727272728 1
0 0.2590209781818182 1 0.26 0.998 0.26 0.976 0.24909090909090909 0.952 0.22181818181818183 0.936 0.21272727272727274 0.936 0.1781818181818182 0.95 0.16363636363636364 0.976 0.16708134000000002 1 0.2590209781818182 1
1 0.15279818181818183 0.805188 0.15818181818181817 0.824 0.16966727272727272 0.838434 0.18727272727272729 0.842 0.19883454545454546 0.8450059999999999 0.20727272727272728 0.84 0.22589636363636362 0.829928 0.23636363636363636 0.81 0.23854727272727272 0.787792 0.23272727272727273 0.772 0.22308363636363637 0.756094 0.20727272727272728 0.748 0.19818181818181818 0.748 0.18056181818181818 0.749522 0.16545454545454547 0.76 0.15272727272727274 0.786 0.15279818181818183 0.805188
1 0.3690909090909091 0.242 0.4 0.246 0.42363636363636364 0.228 0.43272727272727274 0.198 0.4254545454545455 0.174 0.41454545454545455 0.162 0.3927272727272727 0.154 0.3836363636363636 0.154 0.3563636363636364 0.17 0.3472727272727273 0.204 0.35818181818181816 0.232 0.3690909090909091 0.242
2 0.1412 0.37416000000000005 0.14260727272727272 0.396194 0.15244727272727274 0.417456 0.16615272727272729 0.43253199999999997 0.18653454545454545 0.434464 0.1995381818181818 0.43407799999999996 0.2146490909090909 0.424414 0.2244890909090909 0.41243 0.22765272727272728 0.39232799999999995 0.22343454545454544 0.36719999999999997 0.21851454545454546 0.35444400000000004 0.20972909090909092 0.346326 0.19883454545454546 0.341686 0.18864363636363637 0.339368 0.17739818181818182 0.340528 0.16404363636363636 0.34246 0.14998727272727272 0.35599000000000003 0.1412 0.37416000000000005