0 0.44 0.326 0.45454545454545453 0.34 0.4763636363636364 0.346 0.5127272727272727 0.33 0.5254545454545455 0.304 0.5236363636363637 0.278 0.5145454545454545 0.258 0.5054545454545455 0.248 0.4818181818181818 0.24 0.4763636363636364 0.24 0.4490909090909091 0.25 0.4381818181818182 0.262 0.4290909090909091 0.29 0.44 0.326
0 0.26 0.54 0.28545454545454546 0.556 0.3236363636363636 0.548 0.33636363636363636 0.536 0.34545454545454546 0.514 0.34545454545454546 0.496 0.33454545454545453 0.472 0.3018181818181818 0.45 0.3 0.45 0.27090909090909093 0.46 0.24727272727272728 0.496 0.24909090909090909 0.518 0.26 0.54
0 0.6309090909090909 0.538 0.6418181818181818 0.546 0.6654545454545454 0.55 0.6927272727272727 0.538 0.7054545454545454 0.522 0.7109090909090909 0.5 0.7054545454545454 0.474 0.6963636363636364 0.46 0.6836363636363636 0.45 0.6581818181818182 0.446 0.6563636363636364 0.444 0.6363636363636364 0.454 0.6218181818181818 0.47 0.6163636363636363 0.512 0.6309090909090909 0.538
0 0.4727272727272727 0.746 0.5036363636363637 0.74 0.5290909090909091 0.706 0.5290909090909091 0.686 0.52 0.662 0.5054545454545455 0.648 0.48 0.64 0.4781818181818182 0.64 0.4490909090909091 0.654 0.43272727272727274 0.686 0.44 0.724 0.4727272727272727 0.746
2 0 0.229061564 0.004567272727272727 0.233266 0.02140181818181818 0.237416 0.04346 0.2355 0.06000363636363637 0.22209 0.07103272727272728 0.201018 0.06755090909090909 0.176754 0.05309454545454546 0.15832 0.038549090909090915 0.14232 0.032430909090909094 0.141314 0.022852727272727275 0.141954 0.00718 0.14355 0 0.145703508 0 0.229061564
2 0.17250112363636363 0 0.1781818181818182 0.01 0.18489090909090908 0.02618 0.20545454545454545 0.034 0.22355272727272726 0.034936 0.2381818181818182 0.028 0.25141090909090913 0.014922000000000001 0.2573815690909091 0 0.17250112363636363 0
2 0 0.856671752 0.01148 0.8579779999999999 0.02727272727272727 0.854 0.04727272727272727 0.836 0.05469090909090909 0.8235800000000001 0.05469090909090909 0.806068 0.05454545454545454 0.792 0.04616181818181818 0.774172 0.02455818181818182 0.761038 0.010343636363636364 0.760414 0 0.763681706 0 0.856671752
2 0.24708802363636365 1 0.24743090909090906 0.990564 0.24003999999999998 0.971802 0.21636363636363637 0.954 0.20454545454545456 0.954 0.1781818181818182 0.962 0.16545454545454547 0.978 0.16 0.998 0.15998336181818182 1 0.24708802363636365 1
1 0.7927272727272727 1 0.7927272727272727 0.982 0.7818181818181819 0.958 0.76 0.946 0.7454545454545455 0.946 0.7236363636363636 0.956 0.7109090909090909 0.974 0.7095187163636364 1 0.7927272727272727 1
1 0.9145454545454546 0.836 0.9254545454545454 0.84 0.9439127272727273 0.841716 0.9636363636363636 0.832 0.9781818181818182 0.81 0.9781818181818182 0.786 0.9709090909090909 0.768 0.96 0.754 0.9418181818181818 0.746 0.9272727272727272 0.746 0.9054545454545454 0.756 0.8909090909090909 0.782 0.8963636363636364 0.816 0.9145454545454546 0.836
1 0.9018181818181819 0.236 0.9236363636363636 0.246 0.94 0.246 0.9581818181818181 0.236 0.9690909090909091 0.224 0.9781818181818182 0.196 0.9727272727272728 0.164 0.9618181818181818 0.156 0.9381818181818182 0.152 0.9272727272727272 0.152 0.9018181818181819 0.164 0.8872727272727273 0.186 0.8927272727272727 0.222 0.9018181818181819 0.236
1 0.7027272727272728 0 0.7018181818181818 0.02 0.7109090909090909 0.038 0.7254545454545455 0.048 0.7432127272727272 0.053072 0.7581818181818182 0.048 0.7727272727272727 0.04 0.7872727272727272 0.016 0.7901818181818182 0 0.7027272727272728 0