0 1 0.149333334 0.98 0.142 0.9654545454545455 0.142 0.9490909090909091 0.148 0.9309090909090909 0.166 0.9254545454545454 0.208 0.9490909090909091 0.242 0.9763636363636363 0.248 1 0.23825 1 0.149333334
0 0.6618181818181819 0.18 0.6527272727272727 0.162 0.64 0.15 0.6181818181818182 0.142 0.610909090909091 0.142 0.58 0.158 0.5672727272727273 0.182 0.5672727272727273 0.208 0.5745454545454546 0.226 0.6054545454545455 0.248 0.6218181818181818 0.248 0.6436363636363637 0.238 0.6636363636363637 0.2 0.6618181818181819 0.18
0 0.48727272727272725 0.396 0.48 0.376 0.46545454545454545 0.36 0.44181818181818183 0.352 0.43636363636363634 0.352 0.40545454545454546 0.368 0.3927272727272727 0.394 0.3927272727272727 0.412 0.4109090909090909 0.446 0.44363636363636366 0.458 0.46545454545454545 0.45 0.48 0.436 0.48727272727272725 0.396
0 0.8490909090909091 0.79 0.8290909090909091 0.756 0.8127272727272727 0.748 0.7945454545454546 0.748 0.7854545454545454 0.748 0.7563636363636363 0.774 0.7527272727272727 0.81 0.7672727272727272 0.838 0.7890909090909091 0.85 0.8090909090909091 0.852 0.8345454545454546 0.84 0.8490909090909091 0.808 0.8490909090909091 0.79
0 1 0.725058824 0.98 0.716 0.9709090909090909 0.716 0.94 0.734 0.9309090909090909 0.748 0.9290909090909091 0.772 0.9327272727272727 0.79 0.9509090909090909 0.812 0.9709090909090909 0.822 0.9854545454545455 0.822 1 0.814615384 1 0.725058824
0 0.13090909090909092 0.492 0.12181818181818181 0.47 0.10545454545454545 0.454 0.08363636363636363 0.446 0.08181818181818182 0.446 0.05090909090909091 0.454 0.03272727272727273 0.486 0.03272727272727273 0.51 0.04181818181818182 0.53 0.07090909090909091 0.552 0.09090909090909091 0.552 0.10909090909090909 0.544 0.12363636363636364 0.53 0.13090909090909092 0.51 0.13090909090909092 0.492
0 0.13049586727272727 1 0.13272727272727272 0.982 0.12 0.958 0.08545454545454545 0.946 0.07454545454545454 0.946 0.05818181818181818 0.952 0.04363636363636364 0.968 0.039480520000000005 1 0.13049586727272727 1
0 0.10727272727272727 0.19 0.09818181818181818 0.166 0.08545454545454545 0.154 0.06 0.146 0.05454545454545454 0.146 0.03272727272727273 0.154 0.02 0.166 0.01090909090909091 0.19 0.01090909090909091 0.208 0.02909090909090909 0.24 0.045454545454545456 0.25 0.06363636363636363 0.252 0.09818181818181818 0.234 0.10727272727272727 0.21 0.10727272727272727 0.19
2 1 0.518 0.9745454545454545 0.512 0.9636363636363636 0.512 0.9498690909090909 0.5217 0.9401309090909091 0.5371739999999999 0.9336399999999999 0.5520499999999999 0.9298527272727273 0.573474 0.94 0.592 0.9672727272727273 0.61 0.990909090909091 0.61 1 0.603529412 1 0.518
2 0.6454545454545455 1 0.6454545454545455 0.986 0.6327272727272727 0.958 0.610909090909091 0.948 0.6 0.948 0.5763636363636364 0.956 0.5672727272727273 0.966 0.5660363636363637 1 0.6454545454545455 1
2 0.6672727272727272 0.494 0.6598872727272727 0.472306 0.6454545454545455 0.46 0.6236363636363637 0.456 0.6127272727272727 0.456 0.5890909090909091 0.474 0.5809 0.502656 0.5825236363636364 0.52527 0.5963636363636363 0.538 0.6074090909090909 0.54967 0.6350018181818181 0.55086 0.6544781818181818 0.5383640000000001 0.6647563636363636 0.5187240000000001 0.6672727272727272 0.494
2 0.8345454545454546 0.212 0.8363636363636363 0.176 0.8163636363636364 0.148 0.7945454545454546 0.144 0.7836363636363637 0.144 0.7563636363636363 0.166 0.7469909090909091 0.184272 0.7509090909090909 0.202 0.7524 0.218194 0.7672727272727272 0.23 0.7810745454545455 0.241998 0.8 0.24 0.82 0.23 0.8345454545454546 0.212
1 0.48727272727272725 0.914 0.4763636363636364 0.878 0.4636363636363636 0.866 0.44545454545454544 0.86 0.43454545454545457 0.86 0.41818181818181815 0.866 0.40545454545454546 0.884 0.39636363636363636 0.916 0.4163636363636364 0.948 0.44 0.958 0.46 0.954 0.4763636363636364 0.942 0.48727272727272725 0.914
1 0.39090909090909093 0.718 0.39454545454545453 0.686 0.37272727272727274 0.654 0.3509090909090909 0.65 0.3418181818181818 0.65 0.31636363636363635 0.672 0.30727272727272725 0.708 0.33090909090909093 0.74 0.36 0.742 0.37272727272727274 0.738 0.39090909090909093 0.718
1 0.4672727272727273 0.214 0.4727272727272727 0.18 0.45636363636363636 0.15 0.4290909090909091 0.14 0.42363636363636364 0.14 0.40545454545454546 0.146 0.39454545454545453 0.158 0.38545454545454544 0.182 0.38545454545454544 0.2 0.39090909090909093 0.214 0.4109090909090909 0.232 0.44 0.236 0.4527272727272727 0.232 0.4672727272727273 0.214
1 0.3817112290909091 0 0.38 0.016 0.38545454545454544 0.032 0.39636363636363636 0.042 0.42727272727272725 0.052 0.45454545454545453 0.036 0.4636363636363636 0.016 0.4636363636363636 0 0.3817112290909091 0