0 0.6672727272727272 0.202 0.6672727272727272 0.182 0.6472727272727272 0.15 0.6163636363636363 0.14 0.6145454545454545 0.142 0.5927272727272728 0.148 0.5763636363636364 0.166 0.5709090909090909 0.204 0.5763636363636364 0.22 0.5909090909090909 0.236 0.6090909090909091 0.246 0.6272727272727273 0.246 0.6454545454545455 0.238 0.6581818181818182 0.224 0.6672727272727272 0.202
0 0.82 0.382 0.82 0.364 0.8036363636363636 0.334 0.7709090909090909 0.322 0.76 0.322 0.7418181818181818 0.332 0.7290909090909091 0.35 0.7254545454545455 0.386 0.7327272727272728 0.404 0.7490909090909091 0.42 0.7818181818181819 0.426 0.8109090909090909 0.406 0.82 0.382
0 0.47454545454545455 0.528 0.48 0.492 0.4618181818181818 0.46 0.4290909090909091 0.448 0.42363636363636364 0.448 0.39454545454545453 0.466 0.3836363636363636 0.494 0.38545454545454544 0.514 0.3890909090909091 0.526 0.4072727272727273 0.546 0.4218181818181818 0.554 0.44363636363636366 0.554 0.46 0.546 0.47454545454545455 0.528
0 0.8309090909090909 0.588 0.8309090909090909 0.566 0.8145454545454546 0.536 0.7872727272727272 0.524 0.7763636363636364 0.524 0.7527272727272727 0.534 0.7381818181818182 0.552 0.7345454545454545 0.582 0.74 0.6 0.7545454545454545 0.618 0.7945454545454546 0.628 0.8236363636363636 0.606 0.8309090909090909 0.588
0 0.8309090909090909 0.818 0.8381818181818181 0.782 0.8254545454545454 0.754 0.7945454545454546 0.736 0.7872727272727272 0.736 0.7636363636363637 0.744 0.7509090909090909 0.758 0.7418181818181818 0.79 0.7509090909090909 0.818 0.7654545454545455 0.834 0.7818181818181819 0.842 0.8 0.842 0.8309090909090909 0.818
0 1 0.739575758 0.9772727272727273 0.732 0.9672727272727273 0.732 0.9381818181818182 0.752 0.9309090909090909 0.764 0.9290909090909091 0.79 0.9381818181818182 0.816 0.9509090909090909 0.828 0.9836363636363636 0.838 1 0.829 1 0.739575758
0 0.47127272727272723 1 0.4763636363636364 0.986 0.4763636363636364 0.96 0.4672727272727273 0.942 0.44727272727272727 0.926 0.4309090909090909 0.922 0.42363636363636364 0.922 0.4 0.932 0.38545454545454544 0.95 0.38181818181818183 0.986 0.3889772727272727 1 0.47127272727272723 1
1 0.48 0.712 0.48 0.684 0.4618181818181818 0.658 0.44 0.65 0.42727272727272725 0.65 0.40545454545454546 0.662 0.39454545454545453 0.686 0.39454545454545453 0.706 0.4109090909090909 0.736 0.44181818181818183 0.746 0.46 0.74 0.47454545454545455 0.724 0.48 0.712
1 0.2927272727272727 0.586 0.28909090909090907 0.57 0.27454545454545454 0.554 0.24909090909090909 0.546 0.2381818181818182 0.546 0.22363636363636363 0.554 0.2109090909090909 0.572 0.20727272727272728 0.604 0.22727272727272727 0.632 0.2581818181818182 0.638 0.28545454545454546 0.618 0.2927272727272727 0.586
1 0.9183471072727273 0 0.9272727272727272 0.018 0.9490909090909091 0.018 0.9418181818181818 0.028 0.9454545454545454 0.032 0.9727272727272728 0.032 1 0.008 1 0 0.9183471072727273 0
2 0.20489510545454545 0 0.22 0.024 0.23636363636363636 0.032 0.25636363636363635 0.032 0.27454545454545454 0.022 0.28545454545454546 0.006 0.28613636363636363 0 0.20489510545454545 0
2 0.6436363636363637 0.404 0.6436363636363637 0.39 0.6254545454545455 0.358 0.5981818181818181 0.35 0.5872727272727273 0.35 0.5618181818181818 0.372 0.5545454545454546 0.404 0.5781818181818181 0.438 0.6072727272727273 0.444 0.6309090909090909 0.43 0.6436363636363637 0.404
2 0.4527272727272727 0.21 0.45454545454545453 0.176 0.43636363636363634 0.15 0.41818181818181815 0.142 0.40545454545454546 0.142 0.38727272727272727 0.15 0.37454545454545457 0.166 0.3690909090909091 0.182 0.3709090909090909 0.202 0.38545454545454544 0.228 0.41818181818181815 0.238 0.4309090909090909 0.234 0.4527272727272727 0.21