0 0.5709090909090909 0.29 0.5618181818181818 0.262 0.5509090909090909 0.25 0.5236363636363637 0.24 0.5181818181818182 0.24 0.49454545454545457 0.248 0.48545454545454547 0.258 0.4763636363636364 0.278 0.47454545454545455 0.304 0.48727272727272725 0.33 0.5236363636363637 0.346 0.5454545454545454 0.34 0.56 0.326 0.5709090909090909 0.29
0 0.7509090909090909 0.518 0.7527272727272727 0.496 0.7290909090909091 0.46 0.7 0.45 0.6981818181818182 0.45 0.6654545454545454 0.472 0.6545454545454545 0.496 0.6545454545454545 0.514 0.6636363636363637 0.536 0.6763636363636364 0.548 0.7145454545454546 0.556 0.74 0.54 0.7509090909090909 0.518
0 0.3836363636363636 0.512 0.3781818181818182 0.47 0.36363636363636365 0.454 0.34363636363636363 0.444 0.3418181818181818 0.446 0.31636363636363635 0.45 0.30363636363636365 0.46 0.29454545454545455 0.474 0.28909090909090907 0.5 0.29454545454545455 0.522 0.30727272727272725 0.538 0.33454545454545453 0.55 0.35818181818181816 0.546 0.3690909090909091 0.538 0.3836363636363636 0.512
0 0.56 0.724 0.5672727272727273 0.686 0.5509090909090909 0.654 0.5218181818181818 0.64 0.52 0.64 0.49454545454545457 0.648 0.48 0.662 0.4709090909090909 0.686 0.4709090909090909 0.706 0.49636363636363634 0.74 0.5272727272727272 0.746 0.56 0.724
2 1 0.145703508 0.99282 0.14355 0.9771472727272728 0.141954 0.9675690909090909 0.141314 0.9614509090909091 0.14232 0.9469054545454545 0.15832 0.9324490909090909 0.176754 0.9289672727272728 0.201018 0.9399963636363637 0.22209 0.95654 0.2355 0.9785981818181819 0.237416 0.9954327272727274 0.233266 1 0.229061564 1 0.145703508
2 0.7426184309090909 0 0.7485890909090909 0.014922000000000001 0.7618181818181818 0.028 0.7764472727272728 0.034936 0.7945454545454546 0.034 0.8151090909090909 0.02618 0.8218181818181818 0.01 0.8274988763636364 0 0.7426184309090909 0
2 1 0.763681706 0.9896563636363637 0.760414 0.9754418181818183 0.761038 0.9538381818181818 0.774172 0.9454545454545454 0.792 0.9453090909090909 0.806068 0.9453090909090909 0.8235800000000001 0.9527272727272728 0.836 0.9727272727272728 0.854 0.9885200000000001 0.8579779999999999 1 0.856671752 1 0.763681706
2 0.8400166381818182 1 0.84 0.998 0.8345454545454546 0.978 0.8218181818181818 0.962 0.7954545454545454 0.954 0.7836363636363637 0.954 0.75996 0.971802 0.752569090909091 0.990564 0.7529119763636364 1 0.8400166381818182 1
1 0.2904812836363636 1 0.28909090909090907 0.974 0.27636363636363637 0.956 0.2545454545454545 0.946 0.24 0.946 0.21818181818181817 0.958 0.20727272727272728 0.982 0.20727272727272728 1 0.2904812836363636 1
1 0.10363636363636364 0.816 0.10909090909090909 0.782 0.09454545454545454 0.756 0.07272727272727272 0.746 0.05818181818181818 0.746 0.04 0.754 0.02909090909090909 0.768 0.02181818181818182 0.786 0.02181818181818182 0.81 0.03636363636363636 0.832 0.05608727272727273 0.841716 0.07454545454545454 0.84 0.08545454545454545 0.836 0.10363636363636364 0.816
1 0.10727272727272727 0.222 0.11272727272727273 0.186 0.09818181818181818 0.164 0.07272727272727272 0.152 0.06181818181818182 0.152 0.038181818181818185 0.156 0.02727272727272727 0.164 0.02181818181818182 0.196 0.03090909090909091 0.224 0.04181818181818182 0.236 0.06 0.246 0.07636363636363637 0.246 0.09818181818181818 0.236 0.10727272727272727 0.222
1 0.20981818181818182 0 0.21272727272727274 0.016 0.22727272727272727 0.04 0.24181818181818182 0.048 0.25678727272727275 0.053072 0.27454545454545454 0.048 0.28909090909090907 0.038 0.29818181818181816 0.02 0.2972727272727273 0 0.20981818181818182 0