0 1 0.335777778 0.9981818181818182 0.334 0.9763636363636363 0.328 0.9709090909090909 0.328 0.9436363636363636 0.34 0.9254545454545454 0.372 0.9327272727272727 0.412 0.9618181818181818 0.434 1 0.428 1 0.335777778
0 0.6454545454545455 0.208 0.6527272727272727 0.168 0.6327272727272727 0.136 0.6054545454545455 0.126 0.6 0.126 0.5818181818181818 0.132 0.5654545454545454 0.148 0.5563636363636364 0.186 0.5618181818181818 0.206 0.5781818181818181 0.224 0.5963636363636363 0.232 0.6181818181818182 0.232 0.6454545454545455 0.208
0 0.4672727272727273 0.406 0.4672727272727273 0.378 0.4509090909090909 0.35 0.42 0.34 0.4090909090909091 0.34 0.3836363636363636 0.356 0.37454545454545457 0.376 0.37272727272727274 0.398 0.38545454545454544 0.428 0.4090909090909091 0.442 0.42727272727272725 0.444 0.4509090909090909 0.434 0.46 0.422 0.4672727272727273 0.406
0 0.6545454545454545 0.596 0.6545454545454545 0.57 0.6381818181818182 0.544 0.610909090909091 0.532 0.6018181818181818 0.532 0.5690909090909091 0.554 0.5618181818181818 0.572 0.5618181818181818 0.596 0.5727272727272728 0.618 0.5890909090909091 0.632 0.62 0.636 0.6472727272727272 0.614 0.6545454545454545 0.596
0 0.8472727272727273 0.922 0.850909090909091 0.884 0.8345454545454546 0.856 0.8072727272727273 0.842 0.8018181818181818 0.842 0.7836363636363637 0.846 0.7636363636363637 0.862 0.7563636363636363 0.902 0.7654545454545455 0.928 0.7781818181818182 0.942 0.8109090909090909 0.95 0.8345454545454546 0.942 0.8472727272727273 0.922
0 0.4763636363636364 0.788 0.4672727272727273 0.748 0.45636363636363636 0.736 0.43454545454545457 0.728 0.4218181818181818 0.728 0.40545454545454546 0.734 0.38545454545454544 0.756 0.38181818181818183 0.79 0.3981818181818182 0.82 0.4309090909090909 0.834 0.45454545454545453 0.826 0.4690909090909091 0.81 0.4763636363636364 0.788
0 0.48282828363636365 1 0.48 0.986 0.4636363636363636 0.964 0.43454545454545457 0.956 0.42363636363636364 0.956 0.4036363636363636 0.966 0.39090909090909093 0.986 0.38931818181818184 1 0.48282828363636365 1
0 0.4636363636363636 0.6 0.4618181818181818 0.568 0.44545454545454544 0.546 0.4254545454545455 0.536 0.4109090909090909 0.536 0.3781818181818182 0.556 0.3690909090909091 0.584 0.3709090909090909 0.604 0.38181818181818183 0.624 0.4072727272727273 0.64 0.42727272727272725 0.64 0.44363636363636366 0.632 0.4636363636363636 0.6
1 0.6418181818181818 0.402 0.6472727272727272 0.364 0.6290909090909091 0.336 0.6072727272727273 0.328 0.5981818181818181 0.328 0.5745454545454546 0.34 0.5581818181818182 0.376 0.5745454545454546 0.41 0.5963636363636363 0.422 0.6163636363636363 0.422 0.6418181818181818 0.402
1 0.6709090909090909 0.786 0.6545454545454545 0.756 0.6436363636363637 0.748 0.6236363636363637 0.746 0.610909090909091 0.746 0.5890909090909091 0.768 0.5836363636363636 0.808 0.6036363636363636 0.832 0.6309090909090909 0.84 0.6454545454545455 0.836 0.66 0.822 0.6690909090909091 0.806 0.6709090909090909 0.786
2 0.8495363636363636 0.374 0.8422636363636363 0.356 0.8222636363636364 0.342 0.7928254545454545 0.343126 0.7848200000000001 0.348506 0.7754836363636364 0.35829 0.7679236363636364 0.372964 0.7639218181818181 0.38617 0.7639218181818181 0.39888799999999996 0.772370909090909 0.42236599999999996 0.7968090909090909 0.438 0.8295363636363636 0.432 0.8477181818181818 0.402 0.8495363636363636 0.374