0 0.5890909090909091 0.234 0.6181818181818182 0.234 0.649090909090909 0.2 0.6472727272727272 0.16 0.6145454545454545 0.132 0.58 0.136 0.5563636363636364 0.172 0.56 0.206 0.5890909090909091 0.234
0 0.7672727272727272 0.404 0.8072727272727273 0.41 0.8345454545454546 0.386 0.84 0.348 0.8218181818181818 0.318 0.7818181818181819 0.308 0.7527272727272727 0.33 0.7454545454545455 0.37 0.7672727272727272 0.404
0 0.6163636363636363 0.428 0.6436363636363637 0.41 0.6509090909090909 0.396 0.6527272727272727 0.358 0.6236363636363637 0.326 0.5890909090909091 0.326 0.5636363636363636 0.354 0.5618181818181818 0.392 0.5818181818181818 0.42 0.6163636363636363 0.428
0 0.7527272727272727 0.63 0.7927272727272727 0.636 0.8218181818181818 0.61 0.8254545454545454 0.568 0.8036363636363636 0.54 0.7654545454545455 0.534 0.7381818181818182 0.554 0.7327272727272728 0.598 0.7527272727272727 0.63
0 0.5890909090909091 0.634 0.62 0.638 0.649090909090909 0.612 0.6527272727272727 0.568 0.6290909090909091 0.54 0.5909090909090909 0.538 0.5763636363636364 0.546 0.5654545454545454 0.564 0.5636363636363636 0.604 0.5890909090909091 0.634
0 0.4109090909090909 0.64 0.4527272727272727 0.64 0.4763636363636364 0.612 0.4763636363636364 0.574 0.4490909090909091 0.544 0.4127272727272727 0.544 0.38545454545454544 0.576 0.38727272727272727 0.614 0.4109090909090909 0.64
0 0.43272727272727274 0.452 0.45454545454545453 0.452 0.4818181818181818 0.43 0.48727272727272725 0.386 0.4690909090909091 0.358 0.42727272727272725 0.35 0.4 0.374 0.39454545454545453 0.412 0.4127272727272727 0.442 0.43272727272727274 0.452
0 0.7654545454545455 0.83 0.7963636363636364 0.836 0.8309090909090909 0.808 0.8345454545454546 0.772 0.8090909090909091 0.738 0.7763636363636364 0.732 0.7545454545454545 0.744 0.7418181818181818 0.764 0.74 0.796 0.7654545454545455 0.83
0 0.65979798 1 0.6654545454545454 0.972 0.6454545454545455 0.938 0.6181818181818182 0.928 0.6163636363636363 0.928 0.5872727272727273 0.94 0.5763636363636364 0.952 0.5690909090909091 0.99 0.5749350654545455 1 0.65979798 1
0 0.47352272727272726 1 0.4763636363636364 0.99 0.4672727272727273 0.96 0.43454545454545457 0.938 0.41818181818181815 0.938 0.38727272727272727 0.96 0.38 0.984 0.38132231454545457 1 0.47352272727272726 1
0 0.4672727272727273 0.818 0.4763636363636364 0.784 0.4618181818181818 0.748 0.43272727272727274 0.734 0.4218181818181818 0.734 0.39090909090909093 0.754 0.38 0.784 0.3890909090909091 0.816 0.4 0.828 0.43272727272727274 0.84 0.4527272727272727 0.834 0.4672727272727273 0.818
1 0.11272727272727273 0.78 0.10545454545454545 0.768 0.09818181818181818 0.758 0.07272727272727272 0.748 0.06727272727272728 0.748 0.04727272727272727 0.756 0.02727272727272727 0.79 0.02727272727272727 0.816 0.034545454545454546 0.83 0.06181818181818182 0.842 0.0890909090909091 0.838 0.10545454545454545 0.824 0.11272727272727273 0.808 0.11272727272727273 0.78
1 0.11636363636363636 0.188 0.10545454545454545 0.166 0.09454545454545454 0.158 0.06636363636363636 0.152 0.05454545454545454 0.152 0.04181818181818182 0.154 0.03090909090909091 0.164 0.03090909090909091 0.216 0.05818181818181818 0.244 0.0890909090909091 0.244 0.11272727272727273 0.222 0.11636363636363636 0.188
1 0.21075757636363637 0 0.2109090909090909 0.002 0.23272727272727273 0.03 0.2672727272727273 0.034 0.2909090909090909 0.014 0.29281818181818187 0 0.21075757636363637 0
2 0.7350413218181818 0 0.7363636363636363 0.004 0.76 0.026 0.78 0.028 0.7963636363636364 0.022 0.8127272727272727 0 0.7350413218181818 0
2 1 0.156857142 0.9963636363636363 0.15 0.9654545454545455 0.14 0.9527272727272728 0.14 0.9309090909090909 0.164 0.92 0.184 0.9218181818181819 0.196 0.9309090909090909 0.218 0.9545454545454546 0.232 0.9709090909090909 0.234 0.9867363636363637 0.231928 0.9981818181818182 0.218 1 0.21551122 1 0.156857142
2 1 0.757333334 0.9854545454545455 0.74 0.9627272727272728 0.736 0.9509090909090909 0.736 0.9309090909090909 0.75 0.9218181818181819 0.77 0.9218181818181819 0.794 0.9290909090909091 0.81 0.9563636363636364 0.83 0.9963636363636363 0.826 1 0.8215 1 0.757333334
2 0.8460363636363636 1 0.8490909090909091 0.972 0.8290909090909091 0.942 0.8109090909090909 0.936 0.7945454545454546 0.936 0.7709090909090909 0.952 0.7636363636363637 0.97 0.7636363636363637 1 0.8460363636363636 1