0 0.44 0.206 0.44363636363636366 0.172 0.42 0.136 0.38545454545454544 0.132 0.3527272727272727 0.16 0.3509090909090909 0.2 0.38181818181818183 0.234 0.4109090909090909 0.234 0.44 0.206
0 0.2545454545454545 0.37 0.24727272727272728 0.33 0.21818181818181817 0.308 0.1781818181818182 0.318 0.16 0.348 0.16545454545454547 0.386 0.19272727272727272 0.41 0.23272727272727273 0.404 0.2545454545454545 0.37
0 0.41818181818181815 0.42 0.4381818181818182 0.392 0.43636363636363634 0.354 0.4109090909090909 0.326 0.37636363636363634 0.326 0.3472727272727273 0.358 0.3490909090909091 0.396 0.3563636363636364 0.41 0.3836363636363636 0.428 0.41818181818181815 0.42
0 0.2672727272727273 0.598 0.26181818181818184 0.554 0.23454545454545456 0.534 0.19636363636363635 0.54 0.17454545454545456 0.568 0.1781818181818182 0.61 0.20727272727272728 0.636 0.24727272727272728 0.63 0.2672727272727273 0.598
0 0.43636363636363634 0.604 0.43454545454545457 0.564 0.42363636363636364 0.546 0.4090909090909091 0.538 0.3709090909090909 0.54 0.3472727272727273 0.568 0.3509090909090909 0.612 0.38 0.638 0.4109090909090909 0.634 0.43636363636363634 0.604
0 0.6127272727272727 0.614 0.6145454545454545 0.576 0.5872727272727273 0.544 0.5509090909090909 0.544 0.5236363636363637 0.574 0.5236363636363637 0.612 0.5472727272727272 0.64 0.5890909090909091 0.64 0.6127272727272727 0.614
0 0.5872727272727273 0.442 0.6054545454545455 0.412 0.6 0.374 0.5727272727272728 0.35 0.5309090909090909 0.358 0.5127272727272727 0.386 0.5181818181818182 0.43 0.5454545454545454 0.452 0.5672727272727273 0.452 0.5872727272727273 0.442
0 0.26 0.796 0.2581818181818182 0.764 0.24545454545454545 0.744 0.22363636363636363 0.732 0.19090909090909092 0.738 0.16545454545454547 0.772 0.1690909090909091 0.808 0.20363636363636364 0.836 0.23454545454545456 0.83 0.26 0.796
0 0.4250649345454546 1 0.4309090909090909 0.99 0.42363636363636364 0.952 0.4127272727272727 0.94 0.3836363636363636 0.928 0.38181818181818183 0.928 0.35454545454545455 0.938 0.33454545454545453 0.972 0.34020202 1 0.4250649345454546 1
0 0.6186776854545454 1 0.62 0.984 0.6127272727272727 0.96 0.5818181818181818 0.938 0.5654545454545454 0.938 0.5327272727272727 0.96 0.5236363636363637 0.99 0.5264772727272727 1 0.6186776854545454 1
0 0.5472727272727272 0.834 0.5672727272727273 0.84 0.6 0.828 0.610909090909091 0.816 0.62 0.784 0.6090909090909091 0.754 0.5781818181818181 0.734 0.5672727272727273 0.734 0.5381818181818182 0.748 0.5236363636363637 0.784 0.5327272727272727 0.818 0.5472727272727272 0.834
1 0.8872727272727273 0.808 0.8945454545454545 0.824 0.9109090909090909 0.838 0.9381818181818182 0.842 0.9654545454545455 0.83 0.9727272727272728 0.816 0.9727272727272728 0.79 0.9527272727272728 0.756 0.9327272727272727 0.748 0.9272727272727272 0.748 0.9018181818181819 0.758 0.8945454545454545 0.768 0.8872727272727273 0.78 0.8872727272727273 0.808
1 0.8872727272727273 0.222 0.9109090909090909 0.244 0.9418181818181818 0.244 0.9690909090909091 0.216 0.9690909090909091 0.164 0.9581818181818181 0.154 0.9454545454545454 0.152 0.9336363636363636 0.152 0.9054545454545454 0.158 0.8945454545454545 0.166 0.8836363636363637 0.188 0.8872727272727273 0.222
1 0.7071818181818181 0 0.7090909090909091 0.014 0.7327272727272728 0.034 0.7672727272727272 0.03 0.7890909090909091 0.002 0.7892424236363637 0 0.7071818181818181 0
2 0.18727272727272729 0 0.20363636363636364 0.022 0.22 0.028 0.24 0.026 0.2636363636363636 0.004 0.2649586781818182 0 0.18727272727272729 0
2 0 0.21551122 0.0018181818181818182 0.218 0.013263636363636363 0.231928 0.02909090909090909 0.234 0.045454545454545456 0.232 0.06909090909090909 0.218 0.07818181818181819 0.196 0.08 0.184 0.06909090909090909 0.164 0.04727272727272727 0.14 0.034545454545454546 0.14 0.0036363636363636364 0.15 0 0.156857142 0 0.21551122
2 0 0.8215 0.0036363636363636364 0.826 0.04363636363636364 0.83 0.07090909090909091 0.81 0.07818181818181819 0.794 0.07818181818181819 0.77 0.06909090909090909 0.75 0.04909090909090909 0.736 0.03727272727272727 0.736 0.014545454545454545 0.74 0 0.757333334 0 0.8215
2 0.23636363636363636 1 0.23636363636363636 0.97 0.2290909090909091 0.952 0.20545454545454545 0.936 0.1890909090909091 0.936 0.1709090909090909 0.942 0.1509090909090909 0.972 0.15396363636363639 1 0.23636363636363636 1